Webots Project File version R2023a
perspectives: 000000ff00000000fd00000003000000000000000000000000fc0100000001fb0000001a0044006f00630075006d0065006e0074006100740069006f006e0000000000000000140000000000000000000000010000011c00000407fc0200000001fb0000001400540065007800740045006400690074006f00720100000013000004070000003f00ffffff0000000300000695000000d9fc0100000002fb0000000e0043006f006e0073006f006c006501000000000000055f0000000000000000fb0000001a0043006f006e0073006f006c00650041006c006c0041006c006c0100000000000006950000006900ffffff000005770000040700000001000000020000000100000008fc00000000
simulationViewPerspectives: 000000ff000000010000000200000100000003410100000002010000000100
sceneTreePerspectives: 000000ff00000001000000030000001c000003ca000000fa0100000002010000000200
maximizedDockId: -1
centralWidgetVisible: 1
orthographicViewHeight: 1
textFiles: -1
consoles: Console:All:All
renderingDevicePerspectives: Mavic 2 PRO:camera;0;0.723624;0.620508;0.145211
